123-1234-1234-1234 0 0 0
123-1234-1234-1234 0 0 0
123-1234-1234-1234 0 0 0
123-1234-1234-1234 0 0 0
123-1234-1234-1234 0 0 0
123-1234-1234-1234 0 0 0
123-1234-1234-1234 0 0 0
123-1234-1234-1234 0 0 0
123-1234-1234-1234 0 0 0
123-1234-1234-1234 0 0 0
123-1234-1234-1234 0 0 0
123-1234-1234-1234 0 0 0
123-1234-1234-1234 0 0 0
123-1234-1234-1234 0 0 0
123-1234-1234-1234 0 0 0
123-1234-1234-1234 0 0 0
123-1234-1234-1234 0 0 0
123-1234-1234-1234 0 0 0
123-1234-1234-1234 0 0 0
123-1234-1234-1234 0 0 0
123-1234-1234-1234 0 0 0
123-1234-1234-1234 0 0 0
123-1234-1234-1234 0 0 0
123-1234-1234-1234 0 0 0
